[-0.868  1.327] [-1.758  1.819] [-1.575 -0.271] [-1.448 -1.34 ] [-0.108  0.902] [-1.383 -2.255] [-1.299 -0.237] [-1.21  -0.573] [-0.347  0.53 ]
[-3.246  2.165] [-0.578  1.572] [-0.959  3.128] [-1.151 -2.921] [0.145 2.217] [-0.422  1.97 ] [-2.757 -1.875] [-1.14   0.806] [ 0.067 -0.151]
[-2.124  3.055] [-0.547  0.42 ] [-0.326  0.265] [-2.161  1.33 ] [-0.638  0.035] [ 0.131 -0.763] [-2.012 -2.023] [-1.316  0.88 ] [ 0.058 -0.673]
[-2.716  0.562] [-1.31   0.944] [-1.854  3.308] [0.907 4.598] [0.398 2.329] [2.393 2.044] [-0.651  1.069] [-0.754 -0.576] [ 0.875 -0.027]
[-1.953  0.399] [-2.164  2.199] [-0.234  1.482] [1.463 2.37 ] [-0.613 -1.42 ] [ 0.351 -0.7  ] [-0.697  0.36 ] [0.196 1.342] [1.329 1.56 ]
[-1.095  0.571] [-0.859  1.305] [-0.759  1.767] [-0.175 -0.648] [1.914 2.35 ] [2.245 1.243] [-0.024  0.678] [-0.679 -1.337] [-0.944 -0.242]
[0.238 2.347] [0.829 1.622] [-0.641  2.094] [0.456 1.148] [1.529 2.739] [1.173 2.422] [-1.568 -0.248] [1.264 1.085] [1.472 1.692]
[0.486 1.841] [-0.526  1.589] [ 0.287 -0.34 ] [1.602 3.081] [0.177 2.678] [2.72  0.944] [ 0.045 -1.161] [-1.     0.235] [ 0.374 -0.687]
[0.707 1.406] [ 0.19  -0.185] [0.228 1.976] [0.388 0.234] [1.885 2.996] [ 1.938 -0.532] [-1.202 -0.411] [ 0.313 -0.563] [0.711 0.167]
[0.827 0.844] [-0.302  0.745] [0.042 0.403] [2.667 2.223] [0.308 2.29 ] [-0.594 -0.776] [-1.031 -0.725] [-0.444  0.058] [1.272 0.136]
